6,5,5,4,5,5,4,5,6,6,4,5,5,5,6,7,4,6,4,4,4,7,9,6,6,5,5,7,7,
10,16,12,24,9,14,19,24,12,17,

5,6,5,7,6,8,6,5,5,9,6,8,9,1,4,6,7,5,5,8,8,6,7,7,5,6,6,10,5,8,5,6,3,6,9,9,4,5,8,6,6,6,3,7,5,5,5,4,8,6,4,6,4,5,6,9,7,6,4,6,8,5,6,6,7,8,7,3,5,7,3,
29,49,33,60,30,29,56,47,48,46,
427
7,7,6,8,6,7,6,3,5,6,7,4,4,3,7,5,6,3,9,4,7,8,6,5,6,7,7,6,7,5,9,7,8,9,6,8,7,8,6,
17,29,31,27,14,18,24,26,27,32,
245
6,4,7,7,6,7,6,7,5,8,7,4,6,7,3,6,9,9,7,4,8,8,7,7,5,7,8,7,6,8,9,8,6,10,10,7,3,5,6,7,9,7,4,8,8,9,5,6,9,7,
23,36,37,40,21,25,41,42,35,39,
339
9,3,8,6,6,6,6,10,7,8,5,6,9,5,8,7,3,3,7,10,3,8,
11,15,15,16,9,13,14,18,16,16,
143
1311
[175, 184, 259, 216, 204, 157, 229, 267, 191, 228]










// kui arvestada õigeks ainult vastuseid 1-5 ja 6-10.
6,5,5,4,5,5,4,5,6,6,4,5,5,5,6,7,4,6,4,4,4,7,9,6,6,5,5,7,7,
34,55,41,82,31,48,65,82,41,58,
157
5,6,5,7,6,8,6,5,5,9,6,8,9,1,4,6,7,5,5,8,8,6,7,7,5,6,6,10,5,8,5,6,3,6,9,9,4,5,8,6,6,6,3,7,5,5,5,4,8,6,4,6,4,5,6,9,7,6,4,6,8,5,6,6,7,8,7,3,5,7,3,
40,69,46,84,42,40,78,66,67,64,
427
7,7,6,8,6,7,6,3,5,6,7,4,4,3,7,5,6,3,9,4,7,8,6,5,6,7,7,6,7,5,9,7,8,9,6,8,7,8,6,
43,74,79,69,35,46,61,66,69,82,
245
6,4,7,7,6,7,6,7,5,8,7,4,6,7,3,6,9,9,7,4,8,8,7,7,5,7,8,7,6,8,9,8,6,10,10,7,3,5,6,7,9,7,4,8,8,9,5,6,9,7,
46,72,74,80,42,50,82,84,70,78,
339
9,3,8,6,6,6,6,10,7,8,5,6,9,5,8,7,3,3,7,10,3,8,
50,68,68,72,40,59,63,81,72,72,
143
1311
[175, 184, 259, 216, 204, 157, 229, 267, 191, 228]






// kui arvestada õigeks vastuseid 1-3 ja 8-10
6,3,5,0,4,2,1,4,6,4,4,4,0,2,5,4,3,4,3,4,3,4,8,5,4,3,5,2,7,
20,44,37,58,20,24,51,62,20,34,
109
2,5,5,4,5,5,5,4,4,5,5,6,9,1,1,3,3,5,4,8,6,5,5,5,3,5,5,10,3,7,3,5,2,5,7,6,3,4,6,3,4,3,0,4,3,4,4,4,3,6,3,1,2,5,3,5,6,4,2,6,5,2,5,3,5,7,5,3,2,5,2,
23,53,30,67,26,25,57,43,47,49,
303
7,7,5,2,5,5,5,1,0,4,2,2,3,3,5,4,2,3,4,3,7,3,2,1,3,1,3,6,5,4,4,7,4,9,2,5,5,6,3,
17,51,58,41,23,33,46,41,28,48,
152
5,4,5,6,3,4,0,6,2,2,3,1,4,6,1,2,6,8,4,0,6,7,5,6,4,0,4,3,2,6,7,8,5,7,10,7,2,4,6,6,9,7,2,8,4,6,2,4,6,7,
34,56,52,64,26,30,44,54,52,52,
232
4,0,5,4,3,1,2,4,6,1,5,1,9,3,6,5,2,2,6,10,1,2,
27,45,40,59,9,36,27,50,40,36,
82
878
[175, 184, 259, 216, 204, 157, 229, 267, 191, 228]


// kui arvestada õigeks ainult vastuseid 1 ja 10
2,0,3,0,2,2,0,2,6,1,0,0,0,0,1,1,1,2,0,4,3,0,5,1,0,1,0,0,2,
10,20,20,13,3,10,20,20,6,6,
39
0,1,0,1,0,2,5,3,1,0,0,3,9,0,0,0,0,3,2,6,0,4,2,2,0,3,0,10,1,2,0,0,0,1,4,1,0,4,1,2,0,0,0,1,0,0,0,0,1,5,0,0,0,1,0,2,4,2,1,5,2,0,2,1,2,2,3,2,0,4,2,
9,25,15,18,7,7,22,19,18,18,
115
7,2,3,1,2,0,0,0,0,0,0,0,0,0,4,0,0,1,0,2,3,0,0,0,0,0,0,3,3,0,3,0,0,7,1,1,0,0,0,
2,10,17,10,7,15,12,12,7,12,
43
0,3,0,2,1,0,0,1,0,0,0,0,2,0,0,0,1,0,0,0,0,0,1,3,0,0,0,0,0,2,0,1,2,3,10,7,1,1,1,1,8,0,0,8,1,2,0,0,0,0,
8,22,12,16,8,6,16,16,12,8,
62
0,0,2,0,0,0,2,3,1,0,0,0,9,0,0,0,0,0,4,10,0,0,
9,9,13,27,4,13,9,22,18,13,
31
290
[175, 184, 259, 216, 204, 157, 229, 267, 191, 228]




//Siin on järjestuses kui võtta AI tuttavuse järgi
5,5,7,4,5,6,5,5,5,4,5,6,6,4,9,6,4,6,6,4,5,5,4,4,7,6,5,7,7,
34,55,41,82,31,48,65,82,41,58,
157
5,6,5,6,7,4,8,7,5,7,6,7,7,4,3,8,3,2,6,5,4,5,3,6,6,4,3,5,7,5,4,7,5,3,6,4,5,5,4,8,1,3,5,5,7,7,5,5,4,6,5,8,4,7,5,6,7,5,5,6,8,4,6,6,7,7,6,4,9,4,4,
40,69,46,84,42,40,78,66,67,0,
381

