5,5,7,4,5,6,5,5,5,4,5,6,6,4,9,6,4,6,6,4,5,5,4,4,7,6,5,7,7,
34,55,41,82,31,48,65,82,41,58,
157
5,6,5,6,7,4,8,7,5,7,6,7,7,4,3,8,3,2,6,5,4,5,3,6,6,4,3,5,7,5,4,7,5,3,6,4,5,5,4,8,1,3,5,5,7,7,5,5,4,6,5,8,4,7,5,6,7,5,5,6,8,4,6,6,7,7,6,4,9,4,4,
40,69,46,84,42,40,78,66,67,0,
381
7,7,6,8,6,7,6,3,5,6,7,4,4,3,7,5,6,3,9,4,7,8,6,5,6,7,7,6,7,5,9,7,8,9,6,8,7,8,6,
43,74,79,69,35,46,61,66,69,82,
245
6,4,7,7,6,7,6,7,5,8,7,4,6,7,3,6,9,9,7,4,8,8,7,7,5,7,8,7,6,8,9,8,6,10,10,7,3,5,6,7,9,7,4,8,8,9,5,6,9,7,
46,72,74,80,42,50,82,84,70,78,
339
9,3,8,6,6,6,6,10,7,8,5,6,9,5,8,7,3,3,7,10,3,8,
50,68,68,72,40,59,63,81,72,72,
143
1265
[162, 173, 248, 213, 196, 154, 223, 261, 184, 225]