7	1	1	1	8	3	7	10	3	3
8	10	1	3	3	2	9	8	5	4
5	10	10	3	3	6	3	8	4	4
10	10	4	1	1	1	1	1	1	10
3	8	7	2	1	9	7	3	3	3
10	2	1	3	10	8	7	8	5	2
9	9	9	5	2	1	2	4	6	3
7	10	8	2	3	3	3	10	2	5
1	7	10	8	2	4	8	10	6	4
9	2	8	4	8	1	5	3	6	6
4	8	9	7	3	5	3	6	7	6
6	8	8	3	8	4	8	8	10	4
10	10	6	4	7	3	3	10	5	3
10	1	10	10	2	10	1	10	10	10
1	9	1	1	5	6	1	9	8	1
9	7	2	3	4	7	9	8	5	3
4	3	7	4	3	7	7	7	3	7
1	1	10	1	1	10	1	10	1	1
7	8	2	3	3	2	1	7	2	4
7	4	2	2	4	3	7	8	8	6
3	3	3	2	3	5	3	7	4	7
6	4	6	5	6	4	4	6	6	7
10	10	7	6	5	9	5	9	4	10
3	3	9	2	1	6	2	1	5	6
4	7	8	2	2	8	4	8	8	6
7	2	1	4	8	3	2	9	2	2
7	4	8	2	7	7	1	9	3	9
7	4	3	4	3	6	3	7	7	4
9	9	1	10	8	10	10	8	9	2